2 1.73e-07
102 2.6814e-05
202 0.00016843
302 0.000272367
402 0.0005301
502 0.000835037
602 0.000835096
702 0.00110523
802 0.00141985
902 0.00201476
1002 0.00237288
1102 0.00320167
1202 0.00507626
1302 0.00439279
1402 0.00651836
1502 0.00633419
1602 0.00997559
1702 0.0084562
1802 0.012705
1902 0.00938678
2002 0.0145163
2102 0.0162801
2202 0.0167521
2302 0.0417319
2402 0.020877
2502 0.0217675
2602 0.0234795
2702 0.0245859
2802 0.0327168
2902 0.0358898
3002 0.0397143
3102 0.0343058
3202 0.0403052
3302 0.0390616
3402 0.0522294
3502 0.0423289
3602 0.0538261
3702 0.0501228
3802 0.0627252
3902 0.071364
4002 0.0689849
4102 0.0659922
4202 0.0745565
4302 0.0674014
4402 0.082145
4502 0.0777221
4602 0.0904736
4702 0.0914873
4802 0.0977733
4902 0.0917142
