2 1.9e-07
102 3.0956e-05
202 0.000125096
302 0.000283143
402 0.000471429
502 0.000581416
602 0.000817327
702 0.00139508
802 0.00228081
902 0.00188285
1002 0.00298579
1102 0.00367712
1202 0.00429881
1302 0.00490569
1402 0.00522098
1502 0.00740238
1602 0.00724229
1702 0.0101261
1802 0.0100189
1902 0.011985
2002 0.0117851
2102 0.0147936
2202 0.0187981
2302 0.0455618
2402 0.0229471
2502 0.0257139
2602 0.0267738
2702 0.0337607
2802 0.0340744
2902 0.0365355
3002 0.0403713
3102 0.0496795
3202 0.044281
3302 0.0467163
3402 0.0509848
3502 0.0570232
3602 0.0578641
3702 0.0620053
3802 0.0644808
3902 0.0793036
4002 0.0715646
4102 0.0789083
4202 0.0825696
4302 0.0904393
4402 0.0865704
4502 0.101417
4602 0.100327
4702 0.119073
4802 0.111496
4902 0.123422
